000005 -1
000009 -1
000117  1
000257 -1
000266 -1
000268  1
000269 -1
000464 -1
000480  1
000482 -1
000513 -1
000514  1
000515 -1
000608 -1
000610  1
000613 -1
000645 -1
000647  1
000653 -1
000728 -1
000730  1
000738  1
000742 -1
000760 -1
000763  1
000771 -1
000814 -1
000815  1
000816 -1
000868 -1
000872  1
000874 -1
000895 -1
000896  1
000903 -1
000931 -1
000934  1
000935 -1
000973 -1
000982  1
001009 -1
001012  1
001097 -1
001102  1
001104 -1
001107  1
001143 -1
001144  1
001145 -1
001160  1
