000026 -1
000032  1
000033  1
000228  1
000235 -1
000250 -1
000256  1
000320 -1
000325  1
000331 -1
000431  1
000438 -1
000550 -1
000552  1
000554 -1
000654 -1
000657  1
000671 -1
000830 -1
000845  1
000849 -1
000871 -1
000887  1
000888 -1
000906 -1
000908  1
000912 -1
000936  1
000943 -1
000950 -1
001263 -1
001268 -1
001269 -1
001270  1
001273 -1
001279 -1
001327 -1
001332  1
001333 -1
001434 -1
001436  1
001442 -1
001555 -1
001556 -1
001557  1
001559 -1
001563 -1
001708  1
001711 -1
001713 -1
